<?xml version="1.0" encoding="utf-8" standalone="no"?>
<!DOCTYPE svg PUBLIC "-//W3C//DTD SVG 1.1//EN"
  "http://www.w3.org/Graphics/SVG/1.1/DTD/svg11.dtd">
<svg xmlns:xlink="http://www.w3.org/1999/xlink" width="322.022034pt" height="346.4445pt" viewBox="0 0 322.022034 346.4445" xmlns="http://www.w3.org/2000/svg" version="1.1">
 <metadata>
  <rdf:RDF xmlns:dc="http://purl.org/dc/elements/1.1/" xmlns:cc="http://creativecommons.org/ns#" xmlns:rdf="http://www.w3.org/1999/02/22-rdf-syntax-ns#">
   <cc:Work>
    <dc:type rdf:resource="http://purl.org/dc/dcmitype/StillImage"/>
    <dc:date>2026-05-11T17:31:03.873530</dc:date>
    <dc:format>image/svg+xml</dc:format>
    <dc:creator>
     <cc:Agent>
      <dc:title>Matplotlib v3.9.4, https://matplotlib.org/</dc:title>
     </cc:Agent>
    </dc:creator>
   </cc:Work>
  </rdf:RDF>
 </metadata>
 <defs>
  <style type="text/css">*{stroke-linejoin: round; stroke-linecap: butt}</style>
 </defs>
 <g id="figure_1">
  <g id="patch_1">
   <path d="M 0 346.4445 
L 322.022034 346.4445 
L 322.022034 0 
L 0 0 
z
" style="fill: #ffffff"/>
  </g>
  <g id="axes_1">
   <g id="patch_2">
    <path d="M 299.373438 161.9825 
C 299.373438 143.781715 295.78828 125.757909 288.823141 108.942576 
C 281.858002 92.127243 271.648336 76.847399 258.778437 63.9775 
C 245.908539 51.107601 230.628694 40.897936 213.813361 33.932797 
C 196.998028 26.967658 178.974223 23.3825 160.773438 23.3825 
C 142.572652 23.3825 124.548847 26.967658 107.733514 33.932797 
C 90.918181 40.897936 75.638336 51.107601 62.768438 63.9775 
C 49.898539 76.847399 39.688873 92.127243 32.723734 108.942576 
C 25.758595 125.757909 22.173437 143.781715 22.173437 161.9825 
C 22.173437 180.183285 25.758595 198.207091 32.723734 215.022424 
C 39.688873 231.837757 49.898539 247.117601 62.768438 259.9875 
C 75.638336 272.857399 90.918181 283.067064 107.733514 290.032203 
C 124.548847 296.997342 142.572652 300.5825 160.773438 300.5825 
C 178.974223 300.5825 196.998028 296.997342 213.813361 290.032203 
C 230.628694 283.067064 245.908539 272.857399 258.778437 259.9875 
C 271.648336 247.117601 281.858002 231.837757 288.823141 215.022424 
C 295.78828 198.207091 299.373438 180.183285 299.373438 161.9825 
M 160.773438 161.9825 
C 160.773438 161.9825 160.773438 161.9825 160.773438 161.9825 
C 160.773438 161.9825 160.773438 161.9825 160.773438 161.9825 
C 160.773438 161.9825 160.773438 161.9825 160.773438 161.9825 
C 160.773438 161.9825 160.773438 161.9825 160.773438 161.9825 
C 160.773438 161.9825 160.773438 161.9825 160.773438 161.9825 
C 160.773438 161.9825 160.773438 161.9825 160.773438 161.9825 
C 160.773438 161.9825 160.773438 161.9825 160.773438 161.9825 
C 160.773438 161.9825 160.773438 161.9825 160.773438 161.9825 
C 160.773438 161.9825 160.773438 161.9825 160.773438 161.9825 
C 160.773438 161.9825 160.773438 161.9825 160.773438 161.9825 
C 160.773438 161.9825 160.773438 161.9825 160.773438 161.9825 
C 160.773438 161.9825 160.773438 161.9825 160.773438 161.9825 
C 160.773438 161.9825 160.773438 161.9825 160.773438 161.9825 
C 160.773438 161.9825 160.773438 161.9825 160.773438 161.9825 
C 160.773438 161.9825 160.773438 161.9825 160.773438 161.9825 
C 160.773438 161.9825 160.773438 161.9825 160.773438 161.9825 
z
" style="fill: #ffffff"/>
   </g>
   <g id="matplotlib.axis_1">
    <g id="xtick_1">
     <g id="line2d_1">
      <path d="M 160.773438 161.9825 
L 160.773438 23.3825 
" clip-path="url(#pa4a01b7fa5)" style="fill: none; stroke: #e7e9ec; stroke-width: 0.5; stroke-linecap: square"/>
     </g>
     <g id="text_1">
      <text style="fill: #4b5563; font: 8.5px 'Hiragino Sans GB', 'Helvetica', 'Arial', 'DejaVu Sans', sans-serif; text-anchor: middle" x="160.773438" y="12.270469" transform="rotate(-0 160.773438 12.270469)">归一化加权得分</text>
     </g>
    </g>
    <g id="xtick_2">
     <g id="line2d_2">
      <path d="M 160.773438 161.9825 
L 280.804558 92.6825 
" clip-path="url(#pa4a01b7fa5)" style="fill: none; stroke: #e7e9ec; stroke-width: 0.5; stroke-linecap: square"/>
     </g>
     <g id="text_2">
      <text style="fill: #4b5563; font: 8.5px 'Hiragino Sans GB', 'Helvetica', 'Arial', 'DejaVu Sans', sans-serif; text-anchor: middle" x="292.495901" y="88.320469" transform="rotate(-0 292.495901 88.320469)">工具选择 F1</text>
     </g>
    </g>
    <g id="xtick_3">
     <g id="line2d_3">
      <path d="M 160.773438 161.9825 
L 280.804558 231.2825 
" clip-path="url(#pa4a01b7fa5)" style="fill: none; stroke: #e7e9ec; stroke-width: 0.5; stroke-linecap: square"/>
     </g>
     <g id="text_3">
      <text style="fill: #4b5563; font: 8.5px 'Hiragino Sans GB', 'Helvetica', 'Arial', 'DejaVu Sans', sans-serif; text-anchor: middle" x="292.495901" y="240.420469" transform="rotate(-0 292.495901 240.420469)">根因命中率</text>
     </g>
    </g>
    <g id="xtick_4">
     <g id="line2d_4">
      <path d="M 160.773438 161.9825 
L 160.773438 300.5825 
" clip-path="url(#pa4a01b7fa5)" style="fill: none; stroke: #e7e9ec; stroke-width: 0.5; stroke-linecap: square"/>
     </g>
     <g id="text_4">
      <text style="fill: #4b5563; font: 8.5px 'Hiragino Sans GB', 'Helvetica', 'Arial', 'DejaVu Sans', sans-serif; text-anchor: middle" x="160.773438" y="316.470469" transform="rotate(-0 160.773438 316.470469)">建议相关率</text>
     </g>
    </g>
    <g id="xtick_5">
     <g id="line2d_5">
      <path d="M 160.773438 161.9825 
L 40.742317 231.2825 
" clip-path="url(#pa4a01b7fa5)" style="fill: none; stroke: #e7e9ec; stroke-width: 0.5; stroke-linecap: square"/>
     </g>
     <g id="text_5">
      <text style="fill: #4b5563; font: 8.5px 'Hiragino Sans GB', 'Helvetica', 'Arial', 'DejaVu Sans', sans-serif; text-anchor: middle" x="29.050974" y="240.420469" transform="rotate(-0 29.050974 240.420469)">权限合规率</text>
     </g>
    </g>
    <g id="xtick_6">
     <g id="line2d_6">
      <path d="M 160.773438 161.9825 
L 40.742317 92.6825 
" clip-path="url(#pa4a01b7fa5)" style="fill: none; stroke: #e7e9ec; stroke-width: 0.5; stroke-linecap: square"/>
     </g>
     <g id="text_6">
      <text style="fill: #4b5563; font: 8.5px 'Hiragino Sans GB', 'Helvetica', 'Arial', 'DejaVu Sans', sans-serif; text-anchor: middle" x="29.050974" y="88.320469" transform="rotate(-0 29.050974 88.320469)">完成信号率</text>
     </g>
    </g>
   </g>
   <g id="matplotlib.axis_2">
    <g id="ytick_1">
     <g id="line2d_7">
      <path d="M 160.773438 128.9825 
C 165.106958 128.9825 169.39834 129.836109 173.401991 131.494475 
C 177.405641 133.152842 181.0437 135.583715 184.107961 138.647976 
C 187.172223 141.712238 189.603096 145.350296 191.261462 149.353947 
C 192.919828 153.357597 193.773438 157.64898 193.773438 161.9825 
C 193.773438 166.31602 192.919828 170.607403 191.261462 174.611053 
C 189.603096 178.614704 187.172223 182.252762 184.107961 185.317024 
C 181.0437 188.381285 177.405641 190.812158 173.401991 192.470525 
C 169.39834 194.128891 165.106958 194.9825 160.773438 194.9825 
C 156.439917 194.9825 152.148535 194.128891 148.144884 192.470525 
C 144.141234 190.812158 140.503175 188.381285 137.438914 185.317024 
C 134.374652 182.252762 131.943779 178.614704 130.285413 174.611053 
C 128.627047 170.607403 127.773438 166.31602 127.773438 161.9825 
C 127.773438 157.64898 128.627047 153.357597 130.285413 149.353947 
C 131.943779 145.350296 134.374652 141.712238 137.438914 138.647976 
C 140.503175 135.583715 144.141234 133.152842 148.144884 131.494475 
C 152.148535 129.836109 156.439917 128.9825 160.773438 128.9825 
" clip-path="url(#pa4a01b7fa5)" style="fill: none; stroke: #e7e9ec; stroke-width: 0.5; stroke-linecap: square"/>
     </g>
     <g id="text_7">
      <text style="fill: #7c8693; font: 7.5px 'Hiragino Sans GB', 'Helvetica', 'Arial', 'DejaVu Sans', sans-serif; text-anchor: start" x="184.107961" y="137.117507" transform="rotate(-0 184.107961 137.117507)">25%</text>
     </g>
    </g>
    <g id="ytick_2">
     <g id="line2d_8">
      <path d="M 160.773438 95.9825 
C 169.440478 95.9825 178.023243 97.689718 186.030544 101.006451 
C 194.037845 104.323184 201.313962 109.184929 207.442485 115.313452 
C 213.571008 121.441976 218.432754 128.718092 221.749487 136.725393 
C 225.066219 144.732695 226.773438 153.315459 226.773438 161.9825 
C 226.773438 170.649541 225.066219 179.232305 221.749487 187.239607 
C 218.432754 195.246908 213.571008 202.523024 207.442485 208.651548 
C 201.313962 214.780071 194.037845 219.641816 186.030544 222.958549 
C 178.023243 226.275282 169.440478 227.9825 160.773438 227.9825 
C 152.106397 227.9825 143.523632 226.275282 135.516331 222.958549 
C 127.50903 219.641816 120.232913 214.780071 114.10439 208.651548 
C 107.975867 202.523024 103.114121 195.246908 99.797388 187.239607 
C 96.480656 179.232305 94.773438 170.649541 94.773438 161.9825 
C 94.773438 153.315459 96.480656 144.732695 99.797388 136.725393 
C 103.114121 128.718092 107.975867 121.441976 114.10439 115.313452 
C 120.232913 109.184929 127.50903 104.323184 135.516331 101.006451 
C 143.523632 97.689718 152.106397 95.9825 160.773438 95.9825 
" clip-path="url(#pa4a01b7fa5)" style="fill: none; stroke: #e7e9ec; stroke-width: 0.5; stroke-linecap: square"/>
     </g>
     <g id="text_8">
      <text style="fill: #7c8693; font: 7.5px 'Hiragino Sans GB', 'Helvetica', 'Arial', 'DejaVu Sans', sans-serif; text-anchor: start" x="207.442485" y="113.782984" transform="rotate(-0 207.442485 113.782984)">50%</text>
     </g>
    </g>
    <g id="ytick_3">
     <g id="line2d_9">
      <path d="M 160.773438 62.9825 
C 173.773998 62.9825 186.648145 65.543327 198.659097 70.518426 
C 210.670049 75.493526 221.584224 82.786144 230.777009 91.978929 
C 239.969794 101.171713 247.262412 112.085888 252.237511 124.09684 
C 257.21261 136.107792 259.773438 148.981939 259.773438 161.9825 
C 259.773438 174.983061 257.21261 187.857208 252.237511 199.86816 
C 247.262412 211.879112 239.969794 222.793287 230.777009 231.986071 
C 221.584224 241.178856 210.670049 248.471474 198.659097 253.446574 
C 186.648145 258.421673 173.773998 260.9825 160.773438 260.9825 
C 147.772877 260.9825 134.89873 258.421673 122.887778 253.446574 
C 110.876826 248.471474 99.962651 241.178856 90.769866 231.986071 
C 81.577081 222.793287 74.284463 211.879112 69.309364 199.86816 
C 64.334265 187.857208 61.773438 174.983061 61.773438 161.9825 
C 61.773438 148.981939 64.334265 136.107792 69.309364 124.09684 
C 74.284463 112.085888 81.577081 101.171713 90.769866 91.978929 
C 99.962651 82.786144 110.876826 75.493526 122.887778 70.518426 
C 134.89873 65.543327 147.772877 62.9825 160.773438 62.9825 
" clip-path="url(#pa4a01b7fa5)" style="fill: none; stroke: #e7e9ec; stroke-width: 0.5; stroke-linecap: square"/>
     </g>
     <g id="text_9">
      <text style="fill: #7c8693; font: 7.5px 'Hiragino Sans GB', 'Helvetica', 'Arial', 'DejaVu Sans', sans-serif; text-anchor: start" x="230.777009" y="90.44846" transform="rotate(-0 230.777009 90.44846)">75%</text>
     </g>
    </g>
    <g id="ytick_4">
     <g id="line2d_10">
      <path d="M 160.773438 29.9825 
C 178.107519 29.9825 195.273048 33.396936 211.287651 40.030402 
C 227.302253 46.663867 241.854486 56.387359 254.111533 68.644405 
C 266.368579 80.901451 276.09207 95.453684 282.725536 111.468287 
C 289.359001 127.48289 292.773438 144.648419 292.773438 161.9825 
C 292.773438 179.316581 289.359001 196.48211 282.725536 212.496713 
C 276.09207 228.511316 266.368579 243.063549 254.111533 255.320595 
C 241.854486 267.577641 227.302253 277.301133 211.287651 283.934598 
C 195.273048 290.568064 178.107519 293.9825 160.773438 293.9825 
C 143.439356 293.9825 126.273827 290.568064 110.259224 283.934598 
C 94.244622 277.301133 79.692389 267.577641 67.435342 255.320595 
C 55.178296 243.063549 45.454805 228.511316 38.821339 212.496713 
C 32.187874 196.48211 28.773438 179.316581 28.773438 161.9825 
C 28.773438 144.648419 32.187874 127.48289 38.821339 111.468287 
C 45.454805 95.453684 55.178296 80.901451 67.435342 68.644405 
C 79.692389 56.387359 94.244622 46.663867 110.259224 40.030402 
C 126.273827 33.396936 143.439356 29.9825 160.773438 29.9825 
" clip-path="url(#pa4a01b7fa5)" style="fill: none; stroke: #e7e9ec; stroke-width: 0.5; stroke-linecap: square"/>
     </g>
     <g id="text_10">
      <text style="fill: #7c8693; font: 7.5px 'Hiragino Sans GB', 'Helvetica', 'Arial', 'DejaVu Sans', sans-serif; text-anchor: start" x="254.111533" y="67.113936" transform="rotate(-0 254.111533 67.113936)">100%</text>
     </g>
    </g>
   </g>
   <g id="patch_3">
    <path d="M 160.773438 44.687432 
L 266.286509 101.0645 
L 268.367048 224.1017 
L 160.773438 283.1057 
L 47.807005 227.2037 
L 55.877669 101.4209 
z
" clip-path="url(#pa4a01b7fa5)" style="fill: #1f4e79; opacity: 0.1; stroke: #1f4e79; stroke-linejoin: miter"/>
   </g>
   <g id="patch_4">
    <path d="M 160.773438 51.3269 
L 261.222338 103.9883 
L 264.331716 221.7719 
L 160.773438 267.5825 
L 47.807005 227.2037 
L 72.007566 110.7335 
z
" clip-path="url(#pa4a01b7fa5)" style="fill: #2a9d8f; opacity: 0.1; stroke: #2a9d8f; stroke-linejoin: miter"/>
   </g>
   <g id="patch_5">
    <path d="M 160.773438 56.627096 
L 246.669994 112.3901 
L 256.261052 217.1123 
L 160.773438 269.1401 
L 47.807005 227.2037 
L 67.972234 108.4037 
z
" clip-path="url(#pa4a01b7fa5)" style="fill: #9c6bae; opacity: 0.1; stroke: #9c6bae; stroke-linejoin: miter"/>
   </g>
   <g id="patch_6">
    <path d="M 160.773438 92.971316 
L 176.526093 152.8877 
L 209.18599 189.9335 
L 160.773438 233.4209 
L 74.705408 211.6739 
L 105.627711 130.1441 
z
" clip-path="url(#pa4a01b7fa5)" style="fill: #b3b3b3; opacity: 0.1; stroke: #b3b3b3; stroke-linejoin: miter"/>
   </g>
   <g id="line2d_11">
    <path d="M 160.773438 44.687432 
L 266.286509 101.0645 
L 268.367048 224.1017 
L 160.773438 283.1057 
L 47.807005 227.2037 
L 55.877669 101.4209 
L 160.773438 44.687432 
" clip-path="url(#pa4a01b7fa5)" style="fill: none; stroke: #1f4e79; stroke-width: 1.7; stroke-linecap: square"/>
   </g>
   <g id="line2d_12">
    <path d="M 160.773438 51.3269 
L 261.222338 103.9883 
L 264.331716 221.7719 
L 160.773438 267.5825 
L 47.807005 227.2037 
L 72.007566 110.7335 
L 160.773438 51.3269 
" clip-path="url(#pa4a01b7fa5)" style="fill: none; stroke: #2a9d8f; stroke-width: 1.7; stroke-linecap: square"/>
   </g>
   <g id="line2d_13">
    <path d="M 160.773438 56.627096 
L 246.669994 112.3901 
L 256.261052 217.1123 
L 160.773438 269.1401 
L 47.807005 227.2037 
L 67.972234 108.4037 
L 160.773438 56.627096 
" clip-path="url(#pa4a01b7fa5)" style="fill: none; stroke: #9c6bae; stroke-width: 1.7; stroke-linecap: square"/>
   </g>
   <g id="line2d_14">
    <path d="M 160.773438 92.971316 
L 176.526093 152.8877 
L 209.18599 189.9335 
L 160.773438 233.4209 
L 74.705408 211.6739 
L 105.627711 130.1441 
L 160.773438 92.971316 
" clip-path="url(#pa4a01b7fa5)" style="fill: none; stroke: #b3b3b3; stroke-width: 1.7; stroke-linecap: square"/>
   </g>
   <g id="patch_7">
    <path d="M 160.773438 23.3825 
C 142.572652 23.3825 124.548847 26.967658 107.733514 33.932797 
C 90.918181 40.897936 75.638336 51.107601 62.768438 63.9775 
C 49.898539 76.847399 39.688873 92.127243 32.723734 108.942576 
C 25.758595 125.757909 22.173437 143.781715 22.173437 161.9825 
C 22.173437 180.183285 25.758595 198.207091 32.723734 215.022424 
C 39.688873 231.837757 49.898539 247.117601 62.768438 259.9875 
C 75.638336 272.857399 90.918181 283.067064 107.733514 290.032203 
C 124.548847 296.997342 142.572652 300.5825 160.773438 300.5825 
C 178.974223 300.5825 196.998028 296.997342 213.813361 290.032203 
C 230.628694 283.067064 245.908539 272.857399 258.778437 259.9875 
C 271.648336 247.117601 281.858002 231.837757 288.823141 215.022424 
C 295.78828 198.207091 299.373438 180.183285 299.373438 161.9825 
C 299.373438 143.781715 295.78828 125.757909 288.823141 108.942576 
C 281.858002 92.127243 271.648336 76.847399 258.778437 63.9775 
C 245.908539 51.107601 230.628694 40.897936 213.813361 33.932797 
C 196.998028 26.967658 178.974223 23.3825 160.773438 23.3825 
" style="fill: none; stroke: #e7e9ec; stroke-width: 0.7; stroke-linejoin: miter; stroke-linecap: square"/>
   </g>
   <g id="legend_1">
    <g id="patch_8">
     <path d="M 7.46 340.6845 
L 314.086875 340.6845 
Q 315.786875 340.6845 315.786875 338.9845 
L 315.786875 327.051297 
Q 315.786875 325.351297 314.086875 325.351297 
L 7.46 325.351297 
Q 5.76 325.351297 5.76 327.051297 
L 5.76 338.9845 
Q 5.76 340.6845 7.46 340.6845 
z
" style="fill: #ffffff; opacity: 0.85"/>
    </g>
    <g id="line2d_15">
     <path d="M 9.16 332.516531 
L 15.96 332.516531 
L 22.76 332.516531 
" style="fill: none; stroke: #1f4e79; stroke-width: 1.7; stroke-linecap: square"/>
    </g>
    <g id="text_11">
     <text style="font: 8.5px 'Hiragino Sans GB', 'Helvetica', 'Arial', 'DejaVu Sans', sans-serif; text-anchor: start" x="29.56" y="335.491531" transform="rotate(-0 29.56 335.491531)">MOPS (本文)</text>
    </g>
    <g id="line2d_16">
     <path d="M 98.545469 332.516531 
L 105.345469 332.516531 
L 112.145469 332.516531 
" style="fill: none; stroke: #2a9d8f; stroke-width: 1.7; stroke-linecap: square"/>
    </g>
    <g id="text_12">
     <text style="font: 8.5px 'Hiragino Sans GB', 'Helvetica', 'Arial', 'DejaVu Sans', sans-serif; text-anchor: start" x="118.945469" y="335.491531" transform="rotate(-0 118.945469 335.491531)">Plan-Execute</text>
    </g>
    <g id="line2d_17">
     <path d="M 190.241875 332.516531 
L 197.041875 332.516531 
L 203.841875 332.516531 
" style="fill: none; stroke: #9c6bae; stroke-width: 1.7; stroke-linecap: square"/>
    </g>
    <g id="text_13">
     <text style="font: 8.5px 'Hiragino Sans GB', 'Helvetica', 'Arial', 'DejaVu Sans', sans-serif; text-anchor: start" x="210.641875" y="335.491531" transform="rotate(-0 210.641875 335.491531)">ReAct</text>
    </g>
    <g id="line2d_18">
     <path d="M 253.430078 332.516531 
L 260.230078 332.516531 
L 267.030078 332.516531 
" style="fill: none; stroke: #b3b3b3; stroke-width: 1.7; stroke-linecap: square"/>
    </g>
    <g id="text_14">
     <text style="font: 8.5px 'Hiragino Sans GB', 'Helvetica', 'Arial', 'DejaVu Sans', sans-serif; text-anchor: start" x="273.830078" y="335.491531" transform="rotate(-0 273.830078 335.491531)">LLM-only</text>
    </g>
   </g>
  </g>
 </g>
 <defs>
  <clipPath id="pa4a01b7fa5">
   <path d="M 299.373438 161.9825 
C 299.373438 143.781715 295.78828 125.757909 288.823141 108.942576 
C 281.858002 92.127243 271.648336 76.847399 258.778437 63.9775 
C 245.908539 51.107601 230.628694 40.897936 213.813361 33.932797 
C 196.998028 26.967658 178.974223 23.3825 160.773438 23.3825 
C 142.572652 23.3825 124.548847 26.967658 107.733514 33.932797 
C 90.918181 40.897936 75.638336 51.107601 62.768438 63.9775 
C 49.898539 76.847399 39.688873 92.127243 32.723734 108.942576 
C 25.758595 125.757909 22.173437 143.781715 22.173437 161.9825 
C 22.173437 180.183285 25.758595 198.207091 32.723734 215.022424 
C 39.688873 231.837757 49.898539 247.117601 62.768438 259.9875 
C 75.638336 272.857399 90.918181 283.067064 107.733514 290.032203 
C 124.548847 296.997342 142.572652 300.5825 160.773438 300.5825 
C 178.974223 300.5825 196.998028 296.997342 213.813361 290.032203 
C 230.628694 283.067064 245.908539 272.857399 258.778437 259.9875 
C 271.648336 247.117601 281.858002 231.837757 288.823141 215.022424 
C 295.78828 198.207091 299.373438 180.183285 299.373438 161.9825 
M 160.773438 161.9825 
C 160.773438 161.9825 160.773438 161.9825 160.773438 161.9825 
C 160.773438 161.9825 160.773438 161.9825 160.773438 161.9825 
C 160.773438 161.9825 160.773438 161.9825 160.773438 161.9825 
C 160.773438 161.9825 160.773438 161.9825 160.773438 161.9825 
C 160.773438 161.9825 160.773438 161.9825 160.773438 161.9825 
C 160.773438 161.9825 160.773438 161.9825 160.773438 161.9825 
C 160.773438 161.9825 160.773438 161.9825 160.773438 161.9825 
C 160.773438 161.9825 160.773438 161.9825 160.773438 161.9825 
C 160.773438 161.9825 160.773438 161.9825 160.773438 161.9825 
C 160.773438 161.9825 160.773438 161.9825 160.773438 161.9825 
C 160.773438 161.9825 160.773438 161.9825 160.773438 161.9825 
C 160.773438 161.9825 160.773438 161.9825 160.773438 161.9825 
C 160.773438 161.9825 160.773438 161.9825 160.773438 161.9825 
C 160.773438 161.9825 160.773438 161.9825 160.773438 161.9825 
C 160.773438 161.9825 160.773438 161.9825 160.773438 161.9825 
C 160.773438 161.9825 160.773438 161.9825 160.773438 161.9825 
z
"/>
  </clipPath>
 </defs>
</svg>
